1.000 7.10 1.000 1.00
0.610 5.31 0.748 1.23
0.395 4.71 0.587 1.48
0.283 3.55 0.500 1.76
0.236 3.20 0.451 1.91
0.188 2.73 0.385 2.05
0.167 2.53 0.356 2.13
0.147 2.33 0.328 2.23
0.133 2.18 0.307 2.31
0.115 1.94 0.273 2.37
0.104 1.79 0.252 2.44
0.093 1.58 0.223 2.37
0.086 1.52 0.214 2.49
0.079 1.41 0.199 2.50
0.068 1.36 0.192 2.84
0.063 1.28 0.180 2.87
0.058 1.17 0.165 2.83
1.000 28.0 1.000 1.00
0.103 6.86 0.245 2.37
1.000 10.60 1.000 1.00
0.413 6.40 0.604 1.46
0.280 5.21 0.492 1.76
0.195 4.52 0.426 2.18
0.000 5.32 1.000 1.00
0.573 3.77 0.709 1.24
0.382 3.05 0.573 1.50
0.271 2.85 0.536 1.98
0.206 2.22 0.417 2.02
1.000 1.90 1.000 1.00
0.591 1.30 0.684 1.16
0.389 1.10 0.579 1.49
0.281 0.94 0.495 1.76
0.237 0.90 0.474 2.00
1.000 8.10 1.000 1.00
0.713 6.55 0.809 1.14
0.56I 5.75 0.710 1.27